-9.196383879e-03
5.560730025e-02
9.530743212e-02
1.712762937e-02
-1.007040218e-01
5.185733736e-02
-6.336574443e-04
4.032395035e-02
4.828313366e-02
-1.650289074e-02
-9.495536215e-04
3.516441584e-02
-2.065179870e-03
-8.265807480e-02
1.833304390e-02
4.642762989e-02
-3.964612633e-02
1.024806425e-01
-7.617084682e-02
-5.611796677e-02
-2.882843092e-02
-3.525362164e-02
4.985731095e-02
-1.814882644e-02
1.526584476e-02
5.712201819e-02
1.085303873e-01
-5.794837698e-02
5.376203358e-02
5.168240517e-02
-3.886947781e-02
-9.475672245e-02
3.382453695e-02
-7.440586109e-03
1.737692393e-02
-1.212069318e-01
3.385370225e-02
9.536959231e-03
1.407697946e-01
-3.374380991e-02
9.119882435e-02
3.948235884e-02
-3.883144353e-03
8.172047138e-02
-9.962400794e-02
7.827855647e-02
2.167758495e-01
-8.141391911e-03
-1.622642949e-02
-4.673815146e-02
1.414867640e-01
-1.316338927e-01
-2.953907102e-02
-7.078660280e-02
9.060054086e-03
-1.931112818e-02
5.142051354e-02
-2.778619993e-03
-1.807344891e-02
1.562862284e-02
-5.259606987e-02
-7.405354176e-03
-5.494435877e-02
4.340367392e-02
7.312196493e-02
1.037072241e-01
-2.851169184e-02
1.712197065e-02
-8.454298228e-02
-7.467979938e-02
-2.101108618e-02
9.748499095e-02
-1.005643047e-02
-1.626091264e-02
-1.014451869e-02
-1.319736689e-01
-5.307286978e-02
4.305294529e-02
6.659985334e-02
-2.001797967e-02
4.478449002e-02
4.974121600e-02
1.537132710e-01
-1.038239524e-02
7.906065136e-02
-1.138318330e-01
3.400190920e-02
-2.036583424e-02
7.766417414e-02
-1.257015765e-02
3.233388439e-02
4.028258845e-02
-1.558045205e-02
4.361081123e-02
-5.572772026e-02
3.846130893e-02
-1.367636770e-01
-8.392403834e-05
1.145668328e-02
4.240570590e-03
