7.721085101e-02
7.175739110e-02
9.489146620e-02
-5.893012509e-02
-1.552322656e-01
3.782743216e-02
7.911759615e-02
3.175062686e-02
2.947387286e-03
-1.049792990e-01
-4.912337288e-03
2.955259383e-02
-1.222394407e-02
-8.728571236e-02
6.603238732e-02
4.265926778e-02
1.296797991e-01
5.377177149e-03
-5.027297512e-02
2.018706128e-02
8.682837710e-03
-3.795512766e-02
2.908052318e-02
5.122219399e-02
1.307564378e-01
1.594013348e-02
1.209341921e-02
3.441102803e-02
7.822111249e-02
-3.536248952e-02
7.025822252e-02
5.931635946e-02
-6.590989232e-02
5.362918600e-02
-9.506618977e-02
-1.118081361e-01
-7.305420935e-02
1.528895497e-01
-1.339612249e-02
7.688882947e-02
-3.518928960e-02
-4.361004382e-02
-3.542635217e-02
-3.996361420e-02
-5.474242195e-02
4.344617017e-03
-3.927797545e-03
1.231478807e-02
5.909970030e-02
-6.812414527e-02
-5.346450955e-02
-6.472639740e-03
-1.174471155e-01
3.401730955e-02
-1.657090150e-02
1.892512664e-02
-6.683879346e-02
-1.396233588e-02
9.583100677e-02
-1.030535772e-01
4.065111279e-02
1.171117723e-01
-1.001361310e-01
3.832259448e-03
-1.648610532e-01
-1.412629634e-01
-8.897922188e-02
-4.225972295e-02
-2.322498010e-03
-2.589147724e-02
1.059685573e-01
8.202917874e-02
7.066585124e-02
-8.612545207e-03
8.721879125e-02
3.399318829e-02
-1.150359884e-01
5.432703719e-02
-7.026170194e-02
-1.382380724e-03
4.851359874e-02
-3.831224982e-03
6.934472173e-02
4.978843778e-02
-8.661296964e-02
-7.572266459e-02
2.267327346e-02
2.064411491e-01
7.584324479e-02
-8.463263512e-03
1.111547649e-02
6.052634493e-02
5.476532131e-02
-1.664227620e-02
-1.444234550e-01
1.515349559e-02
-7.908695936e-02
3.052104032e-03
5.234148353e-02
2.300865203e-02
