2.607945539e-02
3.188756108e-02
-1.174698249e-01
4.764362052e-02
6.733742356e-02
-9.303860366e-02
-6.669614464e-03
-8.339772373e-02
-6.901957840e-02
-9.974221885e-02
9.621792473e-03
1.129030809e-01
4.556412250e-02
2.612265944e-02
-1.083496362e-01
9.704191238e-02
-4.275346175e-02
3.494388610e-02
-4.692495987e-02
2.055916563e-02
-5.284709483e-02
2.994721197e-02
-7.117187977e-02
-6.280164421e-02
5.263554305e-02
6.406364590e-02
1.511756517e-02
1.019880399e-01
7.504886389e-02
-8.424296230e-02
6.929009408e-02
8.920398355e-02
-3.575180098e-02
6.309980899e-02
-3.005147167e-02
1.724737510e-02
2.495498396e-02
-5.085556954e-02
4.745313898e-02
1.115244627e-01
2.967024408e-02
1.320849210e-01
2.008985542e-02
-6.683920324e-02
-1.021531671e-01
1.724753529e-01
-4.716539755e-02
-6.217722595e-02
1.006605104e-03
-3.679728508e-02
-6.393282861e-02
7.198743522e-02
-1.365766581e-02
-4.468355700e-02
-2.287821844e-04
-7.498562336e-02
1.441919338e-02
4.203272983e-02
-1.435470581e-02
-1.199695542e-01
5.358941853e-02
-4.194125161e-02
1.460297555e-01
1.968123764e-02
-3.875233233e-02
1.952661015e-02
-1.351620257e-01
-2.474988811e-02
9.979618713e-03
-3.017334826e-02
2.474742942e-02
2.560199238e-02
6.233097240e-02
-3.730274737e-02
-3.617512807e-02
4.636653885e-02
-4.610855132e-03
1.801827997e-01
2.821145207e-02
3.638240695e-02
-1.507177949e-03
1.819824055e-02
-1.046661809e-01
-1.918425411e-02
-2.507440001e-02
2.797090262e-02
8.568195999e-02
3.449669853e-02
1.232101992e-01
-6.412643194e-02
8.227691054e-03
-3.745052591e-02
-8.387845755e-02
-3.253618628e-02
7.482722402e-03
-1.776590943e-02
3.161478788e-02
-1.263981964e-02
1.478607766e-03
3.064845316e-02
