-1.189993601e-02
8.508496918e-03
5.499780923e-02
-1.158101298e-02
4.249940068e-02
-1.320326030e-01
-1.207324117e-01
-3.004975244e-02
6.807397120e-03
4.824436083e-02
-7.593271136e-02
7.688663155e-02
6.175548211e-02
-1.722954214e-03
-2.367111295e-02
8.577487618e-02
-6.644123234e-03
2.400117554e-02
-4.443951696e-02
-5.107880384e-02
-4.298922047e-02
4.803400114e-02
6.181258708e-02
-5.490636453e-02
-3.035449609e-02
1.695104502e-02
1.043542661e-02
-3.219011426e-02
1.989808120e-02
5.187622458e-02
-5.861354619e-02
-3.240031004e-02
-9.805434197e-02
3.371961787e-02
7.481446117e-02
4.583204538e-02
-3.913060948e-02
7.962211221e-02
6.469092332e-03
7.326386124e-02
-9.403334558e-02
1.520116348e-02
-1.163661852e-01
6.984335929e-02
2.024008427e-03
2.847698145e-02
1.302912235e-01
-3.377252445e-02
-4.095065594e-02
1.912932247e-01
-5.585148558e-02
1.344428398e-03
9.393782914e-02
-7.962907851e-02
2.257974632e-02
2.933408134e-03
-1.132173985e-01
5.437970161e-02
4.474971816e-02
7.037009113e-03
-1.472586673e-02
1.883313805e-02
-7.735965773e-03
-1.321267337e-03
-8.669727482e-03
1.210243478e-01
1.730904542e-02
-5.684342608e-02
-2.208341658e-02
9.742406011e-02
5.611384753e-03
7.683804631e-02
-3.680232540e-02
4.514827952e-02
2.039761692e-01
5.072772503e-03
4.037446156e-02
7.258761674e-03
2.911251411e-02
6.147896126e-02
3.033990040e-02
5.077455938e-02
-1.702972203e-01
9.913137183e-03
-4.011763632e-02
-1.189247333e-02
-1.081676558e-01
1.645223051e-02
2.999032475e-02
2.282497659e-02
5.250496045e-02
-5.951824039e-02
3.832182148e-03
-6.338639185e-03
-8.024352603e-03
-7.709340751e-02
-5.697913468e-02
-5.702102184e-02
9.099236876e-02
-9.535875916e-02
