-7.168817520e-02
-2.779986709e-02
-5.684710667e-02
5.298580229e-02
-2.869961411e-02
-7.839949429e-02
-6.245609745e-02
-8.304034173e-02
-5.618397612e-03
1.281217299e-02
3.997207060e-02
-1.348708421e-01
6.950837374e-02
5.489269271e-02
5.440983921e-02
5.406003818e-02
-5.256856978e-02
1.047705393e-02
8.107768744e-02
-1.925008744e-02
2.041158639e-02
3.720676154e-02
-2.531814575e-02
-5.703380704e-02
-6.447213143e-02
6.900007278e-02
-2.451478317e-02
6.397504359e-02
6.433188915e-02
1.278703511e-01
8.043962717e-02
7.824813575e-02
-7.645618170e-02
-7.224245463e-03
2.850565501e-02
-5.103199556e-02
-4.420602322e-02
-5.740135908e-02
7.133316249e-02
-3.869836777e-02
-3.377854824e-02
5.379879475e-02
-1.240025982e-01
-6.206348911e-02
-1.003542170e-02
-7.357749622e-03
1.392719746e-01
5.016599223e-02
-6.218434870e-02
2.045585774e-02
1.862421073e-02
5.068331957e-02
-3.899281472e-02
4.226543382e-02
6.376164407e-02
9.665465355e-02
5.630781502e-02
-2.392793633e-02
9.741974063e-04
8.496604115e-02
-8.209073916e-03
9.184423834e-03
3.537723795e-02
3.733902052e-02
9.954561293e-02
1.926642358e-01
-6.958507746e-02
1.056523845e-01
4.129227623e-02
1.476663817e-02
5.139473453e-02
-5.964732543e-02
-3.031533398e-02
-1.884411648e-02
4.111199453e-02
-5.430381000e-02
8.294401690e-03
-4.498759657e-02
-4.119754955e-02
2.825132199e-02
5.680478364e-02
-5.625422671e-02
-3.607651591e-02
5.797944963e-02
-4.797504470e-02
-5.301235989e-02
-7.860248536e-02
1.340900827e-02
1.551840454e-02
-5.148027092e-02
7.353235781e-02
7.174245268e-02
5.182715133e-02
3.054296970e-02
-1.864647493e-02
-1.323620975e-01
6.140364334e-02
6.122765690e-02
-1.167869866e-01
2.111834846e-02
