-3.704220802e-02
-1.696749777e-02
7.930160500e-04
-2.080297843e-02
1.639010943e-02
-1.365738921e-02
2.755967155e-02
5.585160572e-03
2.407703921e-02
4.384286329e-02
4.230481014e-02
-4.632444680e-02
-9.983021021e-02
8.575623855e-03
3.059225157e-02
2.948832512e-02
-5.544270575e-02
1.178142149e-02
-4.729332030e-02
4.893783107e-02
-1.579144411e-02
-7.471044362e-02
1.548195258e-02
1.413476169e-01
-9.783737361e-02
-1.481711864e-01
-9.327293187e-02
-2.825806476e-02
-4.828297347e-02
5.441099405e-02
4.727033665e-04
-1.577700861e-02
-5.012189224e-02
-2.738469653e-02
1.995685324e-02
-9.431878105e-03
1.451325975e-02
8.008693159e-02
5.104809254e-02
-6.663885713e-02
-6.824012846e-03
-4.124122486e-02
-4.148444906e-02
1.764696464e-02
4.058767483e-02
-2.107275184e-03
1.102478728e-01
-2.014736831e-02
6.512981653e-02
-1.357350349e-01
-1.148033235e-02
-9.248944372e-02
-7.054463029e-02
8.693202585e-02
6.648557633e-02
1.314376146e-01
1.191169247e-01
-7.155376673e-02
-1.450223196e-02
1.205274463e-01
-3.080015816e-02
2.580695599e-02
-7.071599364e-02
-7.554325461e-02
6.578256190e-02
-4.266456142e-02
9.266128391e-02
5.000876263e-02
-2.549554221e-02
-7.445617020e-02
-4.225878045e-02
6.988146156e-02
-4.885720089e-03
1.146949013e-03
1.809696108e-02
4.369147494e-02
-3.371658176e-02
-5.352114886e-02
-3.476977721e-02
-1.434788760e-02
1.040519495e-02
-8.008582518e-03
-7.634150982e-02
1.814942993e-02
2.943173051e-03
1.161113009e-01
4.370500147e-02
-5.471286923e-02
-5.216489732e-02
-8.503517509e-02
1.828436740e-02
-2.848117799e-02
-9.115199000e-02
-4.825894162e-02
-6.835506856e-02
-7.906100899e-02
-7.818724960e-03
-1.137945354e-01
-3.499350324e-02
5.371349305e-02
