-6.173773482e-02 3.768219054e-02
-1.161308866e-02 6.306850165e-02
-3.201570734e-02 1.491179410e-02
-3.823523223e-02 4.540181533e-02
2.667232975e-02 1.989091933e-02
-4.157803953e-02 -4.745418578e-02
-8.040037006e-02 7.024075836e-02
4.067453369e-02 1.012955513e-02
-2.677738853e-02 -6.008702889e-02
4.772693291e-02 -8.771397918e-02
7.504479960e-03 -2.189553343e-02
8.998703212e-02 1.169133186e-01
-5.443460774e-03 -1.829320639e-01
-1.896452717e-02 -2.168315649e-02
-6.507956982e-02 -6.502838433e-02
3.900169954e-02 -8.609943092e-03
6.205933634e-03 6.598460488e-03
1.082918644e-01 -3.299523890e-02
-1.283289641e-01 4.075055569e-02
-8.385548368e-03 -1.282556355e-02
8.324168622e-02 -6.627359241e-02
-8.736289106e-03 -3.249583393e-02
6.689241529e-02 4.374989308e-03
-3.328458220e-02 -1.558028311e-01
-1.781275868e-02 -2.311234362e-02
-9.627885185e-03 -6.340155751e-02
5.033128709e-02 -2.429867163e-02
1.186631620e-01 -3.653555736e-02
9.252019227e-02 1.723004971e-06
-2.455556020e-02 -1.326307356e-01
-3.324160352e-02 5.232121050e-02
-4.856554791e-02 -4.385805130e-02
7.385732979e-02 1.401501447e-01
3.680131584e-02 3.388378024e-02
6.288486719e-02 7.953175157e-02
-2.699424326e-02 -2.050497010e-02
-6.213823706e-02 9.429000318e-02
3.449292481e-02 9.140320867e-02
9.523764253e-02 -2.936485782e-02
-6.858012825e-02 -3.212020919e-02
1.597510725e-01 6.095626950e-02
-1.583768800e-02 -1.348837651e-02
-4.474606365e-02 -7.389142364e-02
-6.211344153e-02 -2.386248112e-02
7.851839066e-03 1.266220585e-02
2.053560317e-02 -4.902118444e-02
-5.539361015e-02 -5.621276423e-02
4.314104095e-02 -2.192288637e-02
7.695827633e-02 8.751380444e-02
1.115548685e-01 -1.691720448e-02
4.081121832e-02 -2.610767819e-02
-4.649103805e-02 -1.381208897e-01
-8.486767858e-02 1.722204499e-02
-4.039200395e-02 6.309553236e-02
7.609988749e-02 2.842650935e-02
1.115037352e-01 -4.090877622e-02
1.665922999e-01 2.217367105e-02
5.537169054e-02 4.030115902e-02
4.502655007e-03 2.075245418e-02
-9.227370471e-02 -1.132481731e-03
-5.131467804e-02 -2.746397257e-02
2.770660631e-02 -2.647794224e-02
-1.644922048e-02 3.453997523e-02
-6.793627888e-02 -4.599068686e-02
1.524833962e-02 1.911691725e-01
2.303508669e-02 -7.666177303e-02
-5.460915715e-02 3.324369341e-02
1.000827998e-01 -6.000760570e-02
-7.431749254e-02 2.453953726e-03
-1.557319053e-02 -3.784264252e-02
1.394269615e-02 2.562561259e-02
-5.554688349e-02 2.837211825e-02
-1.084572598e-01 -5.358172581e-02
1.375478953e-01 -2.697422169e-02
-3.790819645e-02 4.276271164e-02
5.790567398e-02 1.274755970e-02
-2.177120186e-02 -1.164397411e-02
-2.700598724e-02 -1.513710022e-01
5.939113908e-04 -3.159821266e-03
-5.904869363e-02 7.799697667e-02
6.725418568e-02 -3.688969649e-03
3.803951666e-03 2.454014681e-02
1.093477383e-01 -8.863078430e-03
-2.519006282e-02 6.392846256e-02
-2.978105471e-02 1.057284512e-02
-7.076045126e-02 2.053017318e-01
-2.370703407e-02 -3.507053107e-02
5.383932590e-02 -4.217065126e-02
-1.541895568e-01 -3.243403509e-02
-8.517315984e-02 -3.618690418e-03
1.133594736e-01 6.443743128e-03
4.180127010e-02 1.910348795e-02
4.655720666e-02 2.063431544e-03
-2.585863136e-02 -4.508936405e-02
-8.702930063e-04 -9.440715425e-03
-3.066799603e-02 1.962074079e-02
-5.714265257e-02 -1.992657185e-01
2.773545682e-02 3.526524827e-02
1.349194497e-01 -2.694515139e-02
-1.068772078e-01 6.459060311e-02
