-1.858100444e-01 -1.072447449e-01
-7.983420789e-02 -3.335147724e-02
2.598413825e-02 -4.088469222e-02
9.493170679e-02 1.056483481e-02
1.036976464e-02 -9.256474674e-03
1.288034022e-02 -7.811757177e-02
1.461302862e-02 1.259002537e-01
-1.398476306e-03 -1.371038146e-02
2.282089554e-02 2.705744654e-02
2.052145638e-02 -6.607037038e-03
-2.835519612e-03 -1.841962710e-02
6.037818268e-02 -7.851968706e-02
-1.353791952e-01 -3.988476936e-03
-3.507599235e-02 1.787451562e-03
1.664823145e-01 -9.086331353e-03
-4.275358468e-02 3.115754202e-02
2.826506272e-02 7.476942241e-02
-4.329766333e-02 1.121326443e-02
3.391771764e-02 4.671894759e-02
1.004502922e-01 2.687801607e-02
-7.502590120e-02 3.766690195e-02
-7.515946776e-02 -2.329557389e-02
-3.171342984e-02 4.848738015e-02
6.014660001e-03 -8.418776095e-02
4.944197088e-02 -7.209157944e-02
7.786208391e-02 6.345077604e-02
2.990908548e-02 2.704940271e-03
-4.867130890e-02 2.164417803e-01
-2.838603407e-02 5.858782679e-02
-3.174970299e-02 -4.863132536e-02
-1.021245420e-01 -6.201481819e-02
3.229972906e-03 -6.254880875e-02
-3.052159026e-02 6.779497117e-02
-1.141304821e-01 -5.072518811e-02
-3.159190714e-02 4.874390364e-02
-3.474106640e-02 -2.230510116e-02
2.085913531e-02 2.700247243e-02
4.099033400e-02 -6.383354217e-02
9.744542092e-02 1.519421954e-02
-4.960207269e-03 2.522440255e-02
2.378143370e-02 -4.087040573e-02
-8.205669373e-02 -1.062996313e-02
-1.696233451e-01 -5.604169797e-03
-3.272636980e-02 -3.037676774e-02
-1.089980230e-01 -6.321628392e-02
-2.261636592e-02 6.002313457e-03
3.627184033e-02 1.074314043e-01
1.424190588e-03 3.112599254e-02
-1.118418351e-01 -5.042429268e-02
2.766419947e-02 -2.583609521e-02
3.718544543e-02 -6.438104808e-02
8.335161954e-02 4.883747548e-02
-1.255111098e-01 7.797616720e-02
-8.325095288e-03 -8.994997293e-02
-6.800659746e-02 1.514538676e-01
6.295175292e-03 -4.033989459e-02
-2.171591818e-01 -1.716509648e-02
6.199675798e-02 6.374337524e-02
1.418419462e-02 -1.935722977e-01
4.909774289e-02 1.706537753e-01
-7.309979945e-02 -4.035755992e-02
4.412269592e-02 1.742462814e-01
1.157555450e-02 -9.249676019e-03
1.490475386e-01 -4.851832613e-02
-1.123938337e-01 -7.578768581e-02
3.083621152e-02 5.076276511e-02
-3.898280114e-02 5.541490018e-02
9.839721024e-04 1.411688775e-01
-3.513541818e-02 1.027279720e-01
-8.687634766e-02 3.794799373e-02
1.925318688e-02 -1.983995736e-02
8.014894277e-02 7.205422735e-04
-2.696346864e-02 -1.124869883e-01
4.463344812e-04 1.634719968e-02
-3.462833166e-02 -3.002749057e-03
8.882184513e-03 -4.250035435e-02
1.538815908e-02 4.516845569e-02
1.195846573e-01 2.042848244e-02
1.303106546e-01 6.058007851e-02
9.052083641e-02 -4.435065016e-02
-3.705253359e-03 -7.234260440e-02
-1.158613060e-02 7.743912190e-02
-6.315219402e-02 6.015543640e-02
4.557544738e-02 9.545830637e-02
-4.500320554e-02 8.188979328e-02
1.023936495e-01 -5.366534367e-02
2.294496447e-02 3.151004389e-02
-1.041101292e-01 5.357417837e-02
7.065187395e-02 2.190758660e-02
-3.919397667e-02 -7.658843696e-02
-6.928056013e-03 6.183022261e-02
-8.851532638e-02 2.588460688e-03
3.347007185e-02 -8.078918606e-02
-9.169299155e-02 -1.881245896e-02
1.064756215e-01 1.633307338e-02
-9.263060242e-02 7.473033387e-03
1.777388901e-02 -7.065487653e-02
2.410932072e-02 3.918203712e-02
-1.094670445e-01 1.083204336e-02
5.013910308e-02 4.482777417e-02
